       0.0     1.45000     0.00000     1.02000
       1.0     1.45000     0.00000     1.02000
       2.0     1.45000     0.00000     1.02000
       3.0     1.45000     0.00000     1.02000
       3.0     5.80000     3.20000     2.60000
       4.0     5.80000     3.20000     2.60000
       5.0     5.80000     3.20000     2.60000
       6.0     5.80000     3.20000     2.60000
       7.0     5.80000     3.20000     2.60000
       8.0     5.80000     3.20000     2.60000
       9.0     5.80000     3.20000     2.60000
      10.0     5.80000     3.20000     2.60000
      11.0     5.80000     3.20000     2.60000
      12.0     5.80000     3.20000     2.60000
      13.0     5.80000     3.20000     2.60000
      14.0     5.80000     3.20000     2.60000
      15.0     5.80000     3.20000     2.60000
      15.0     6.80000     3.90000     2.90000
      16.0     6.80000     3.90000     2.90000
      17.0     6.80000     3.90000     2.90000
      18.0     6.80000     3.90000     2.90000
      19.0     6.80000     3.90000     2.90000
      20.0     6.80000     3.90000     2.90000
      21.0     6.80000     3.90000     2.90000
      22.0     6.80000     3.90000     2.90000
      23.0     6.80000     3.90000     2.90000
      24.4     6.80000     3.90000     2.90000
      24.4     8.02206     4.61180     3.38075
      25.0     8.02138     4.61126     3.38068
      26.0     8.02024     4.61037     3.38057
      27.0     8.01911     4.60947     3.38047
      28.0     8.01798     4.60857     3.38036
      29.0     8.01684     4.60767     3.38025
      30.0     8.01571     4.60678     3.38014
      31.0     8.01458     4.60588     3.38003
      32.0     8.01345     4.60498     3.37992
      33.0     8.01231     4.60408     3.37981
      34.0     8.01118     4.60319     3.37970
      35.0     8.01005     4.60229     3.37960
      40.0     8.00438     4.59780     3.37905
      45.0     7.99872     4.59332     3.37851
      50.0     7.99305     4.58883     3.37797
      60.0     7.98172     4.57985     3.37688
      70.0     7.97039     4.57088     3.37579
      80.0     7.95906     4.56190     3.37471
      80.0     7.95906     4.56190     3.37471
      90.0     7.94773     4.55293     3.37362
     100.0     7.93641     4.54396     3.37253
     110.0     7.92508     4.53498     3.37145
     120.0     7.91375     4.52601     3.37036
     130.0     7.90242     4.51703     3.36927
     140.0     7.89109     4.50806     3.36818
     150.0     7.87976     4.49908     3.36710
     160.0     7.86843     4.49011     3.36601
     170.0     7.85710     4.48113     3.36492
     180.0     7.84577     4.47216     3.36384
     190.0     7.83444     4.46319     3.36275
     200.0     7.82311     4.45421     3.36166
     210.0     7.81178     4.44524     3.36058
     220.0     7.80045     4.43626     3.35949
     220.0     8.55895     4.64390     3.43577
     230.0     8.57819     4.65090     3.44175
     240.0     8.59743     4.65790     3.44772
     250.0     8.61666     4.66490     3.45369
     260.0     8.63590     4.67190     3.45966
     270.0     8.65514     4.67890     3.46563
     280.0     8.67438     4.68590     3.47160
     290.0     8.69362     4.69290     3.47758
     300.0     8.71286     4.69990     3.48355
     310.0     8.73210     4.70690     3.48952
     320.0     8.75133     4.71390     3.49549
     330.0     8.77057     4.72090     3.50146
     340.0     8.78981     4.72790     3.50743
     350.0     8.80905     4.73490     3.51341
     360.0     8.82829     4.74190     3.51938
     370.0     8.84753     4.74890     3.52535
     380.0     8.86677     4.75590     3.53132
     390.0     8.88600     4.76290     3.53729
     400.0     8.90524     4.76990     3.54326
     400.0     9.13392     4.93249     3.72375
     410.0     9.18511     4.96166     3.73635
     420.0     9.23631     4.99083     3.74895
     430.0     9.28750     5.02000     3.76156
     440.0     9.33870     5.04918     3.77416
     450.0     9.38989     5.07835     3.78677
     460.0     9.44109     5.10752     3.79937
     470.0     9.49228     5.13669     3.81197
     480.0     9.54348     5.16586     3.82458
     490.0     9.59468     5.19504     3.83718
     500.0     9.64587     5.22421     3.84978
     510.0     9.69707     5.25338     3.86239
     520.0     9.74826     5.28255     3.87499
     530.0     9.79946     5.31173     3.88759
     540.0     9.85065     5.34090     3.90020
     550.0     9.90185     5.37007     3.91280
     560.0     9.95304     5.39924     3.92541
     570.0    10.00424     5.42841     3.93801
     580.0    10.05543     5.45759     3.95061
     590.0    10.10663     5.48676     3.96322
     600.0    10.15783     5.51593     3.97582
     600.0    10.15776     5.51602     3.97582
     610.0    10.17325     5.52376     3.97815
     620.0    10.18874     5.53150     3.98048
     630.0    10.20422     5.53924     3.98281
     640.0    10.21971     5.54699     3.98514
     650.0    10.23520     5.55473     3.98746
     660.0    10.25069     5.56247     3.98979
     670.0    10.26617     5.57021     3.99212
     670.0    10.75132     5.94513     4.38074
     685.3    10.79897     5.98986     4.39029
     735.3    10.95459     6.13609     4.42128
     771.0    11.06560     6.24054     4.44320
     771.0    11.06559     6.24039     4.44320
     785.3    11.09179     6.25067     4.45194
     835.3    11.18192     6.28608     4.48228
     885.3    11.26984     6.32065     4.51232
     935.3    11.35563     6.35442     4.54206
     985.3    11.43936     6.38742     4.57150
    1035.3    11.52110     6.41967     4.60067
    1085.3    11.60095     6.45120     4.62956
    1135.3    11.67896     6.48204     4.65819
    1185.3    11.75523     6.51220     4.68656
    1235.3    11.82983     6.54173     4.71469
    1285.3    11.90283     6.57064     4.74259
    1335.3    11.97431     6.59897     4.77025
    1385.3    12.04435     6.62674     4.79770
    1435.3    12.11304     6.65398     4.82493
    1485.3    12.18043     6.68071     4.85196
    1535.3    12.24662     6.70696     4.87881
    1585.3    12.31167     6.73276     4.90547
    1635.3    12.37567     6.75813     4.93195
    1685.3    12.43870     6.78311     4.95827
    1735.3    12.50083     6.80771     4.98443
    1785.3    12.56213     6.83197     5.01045
    1835.3    12.62269     6.85592     5.03633
    1885.3    12.68258     6.87957     5.06208
    1935.3    12.74188     6.90296     5.08770
    1985.3    12.80067     6.92611     5.11322
    2035.3    12.85902     6.94906     5.13863
    2085.3    12.91702     6.97182     5.16395
    2135.3    12.97473     6.99442     5.18919
    2185.3    13.03224     7.01690     5.21434
    2235.3    13.08963     7.03927     5.23944
    2285.3    13.14696     7.06157     5.26447
    2335.3    13.20432     7.08382     5.28945
    2385.3    13.26179     7.10605     5.31440
    2435.3    13.31944     7.12828     5.33931
    2485.3    13.37735     7.15055     5.36420
    2535.3    13.43560     7.17287     5.38908
    2585.3    13.49426     7.19529     5.41395
    2635.3    13.55341     7.21781     5.43883
    2685.3    13.61313     7.24048     5.46372
    2735.3    13.67350     7.26331     5.48863
    2741.0    13.68042     7.26593     5.49148
    2741.0    13.68044     7.26597     5.49148
    2785.3    13.69098     7.26563     5.51358
    2835.3    13.70302     7.26520     5.53856
    2885.3    13.71522     7.26471     5.56360
    2891.0    13.71662     7.26465     5.56646
    2891.0     8.06479     0.00000     9.90344
    2971.0     8.19943     0.00000    10.02942
    3071.0     8.36024     0.00000    10.18136
    3171.0     8.51302     0.00000    10.32727
    3271.0     8.65809     0.00000    10.46729
    3371.0     8.79577     0.00000    10.60153
    3471.0     8.92636     0.00000    10.73013
    3571.0     9.05019     0.00000    10.85322
    3671.0     9.16756     0.00000    10.97092
    3771.0     9.27880     0.00000    11.08336
    3871.0     9.38422     0.00000    11.19067
    3971.0     9.48413     0.00000    11.29298
    4071.0     9.57885     0.00000    11.39042
    4149.5     9.64977     0.00000    11.46358
    4171.0     9.66869     0.00000    11.48311
    4271.0     9.75397     0.00000    11.57119
    4371.0     9.83500     0.00000    11.65478
    4471.0     9.91210     0.00000    11.73401
    4571.0     9.98558     0.00000    11.80900
    4671.0    10.05576     0.00000    11.87989
    4771.0    10.12295     0.00000    11.94681
    4871.0    10.18747     0.00000    12.00988
    4971.0    10.24963     0.00000    12.06923
    5071.0    10.30975     0.00000    12.12499
    5149.5    10.35572     0.00000    12.16633
    5149.5    11.02826     3.50431    12.76361
    5153.9    11.02994     3.50549    12.76595
    5171.0    11.03642     3.51002    12.77495
    5271.0    11.07249     3.53522    12.82503
    5371.0    11.10541     3.55823    12.87076
    5471.0    11.13520     3.57905    12.91213
    5571.0    11.16186     3.59767    12.94914
    5671.0    11.18537     3.61411    12.98181
    5771.0    11.20576     3.62835    13.01011
    5871.0    11.22300     3.64041    13.03406
    5971.0    11.23711     3.65027    13.05366
    6071.0    11.24809     3.65794    13.06890
    6171.0    11.25593     3.66342    13.07979
    6271.0    11.26063     3.66670    13.08632
    6371.0    11.26220     3.66780    13.08850
